0.000000
0.000000
-0.152152
-0.184549
-0.057386
0.176257
1.204929
2.617990
12.965448
0.000000
-0.755038
-0.847849
-0.773001
-0.660707
0.077048
0.018933
2.498573
2.633506
-0.356729
-0.867218
-1.062053
-1.145991
-0.857075
-0.503431
0.836166
3.319073
0.607683
-0.396037
-0.847179
-1.016849
-1.026398
-0.926459
-0.618824
-0.121072
1.819065
3.423693
-0.254867
-0.818993
-1.203447
-1.382525
-0.697720
-0.490200
0.139874
2.473674
2.530317
-0.073310
-0.857469
-1.283246
-1.302088
-0.490667
-0.645769
0.746533
0.398816
10.010123
0.078047
-0.033439
-0.189345
0.041247
-0.924055
-0.360984
-0.229716
4.042549
6.092711
1.555489
-0.968681
-0.190691
-0.486056
0.230748
1.404239
8.209562
9.382792
4.831678
-0.347802
3.058103
0.834048
-0.175736
5.070182
7.030046
1.359588
7.337726
5.856765
-0.611652
1.103732
2.030887
0.713550
3.833846
6.566267
3.783998
0.461357
-0.679363
