0.000000
0.000000
0.441125
0.848167
1.672894
2.922934
3.529915
8.713077
14.900723
0.000000
-0.123772
0.111463
0.662565
1.237040
2.565609
3.331462
5.423136
6.626902
0.245687
0.243010
0.587590
0.807557
1.672473
2.602839
4.236770
5.687168
6.877981
0.837974
0.691221
0.962430
1.418946
2.088261
3.198436
4.437300
7.892619
5.825501
1.331160
1.223240
1.518795
1.881011
2.703955
3.749663
4.815962
6.121276
13.676762
1.609953
2.264772
2.212595
2.517306
2.988238
3.827263
5.459330
7.356716
13.368365
1.883232
2.318564
2.757903
4.110291
3.873270
4.679307
7.506951
7.866289
22.602596
3.491093
3.837779
3.737538
4.527480
6.433947
8.328043
12.802171
14.608257
11.747007
3.049311
4.779128
5.780654
5.568723
9.398428
16.280976
28.408377
16.438405
9.310013
13.456751
13.763800
9.418805
9.787391
33.238852
25.947279
18.700921
14.274192
11.037556
